05 05 04 06 03
03 14 05 04 07 
02 14 12 05 08
03 05 12 07 09
01 04 05 07 10
01 07 08 09 10
01 V 03 3 10
01 V 03 2 05
01 N 05 4 08
02 V 03 2 09
02 N 07 3 07
03 N 50 3 07
03 N 08 2 06
03 V 99 5 05
04 N 06 1 04
05 N 07 3 04
15
30
B N 001 001 05
B N 003 002 04
B V 005 003 07
B N 007 004 04
B N 008 005 06
X 009 002
P 010 004
B N 015 006 08
B V 016 007 09
B V 018 008 10
B V 020 009 11
B N 021 010 03
B N 023 011 07
B N 028 012 08
B N 030 013 08
B N 031 014 04
B N 031 015 09
B V 033 016 10
B V 034 017 12
X 036 010
X 037 012
P 037 015
B N 038 019 05
P 039 016
X 040 017
P 042 011
B N 048 020 06
B N 050 021 08
B N 055 022 06
B V 060 023 13

